171 [0, 18, 48]
49 [1, 56]
52 [2, 28]
197 [3]
165 [4, 54]
178 [5]
125 [6]
77 [7]
35 [8]
51 [9]
95 [10, 35]
39 [11]
19 [12]
85 [13]
23 [14, 62]
31 [15]
169 [16]
145 [17]
166 [19, 77, 79, 84]
41 [20, 26]
18 [21]
89 [22]
73 [23]
87 [24]
15 [25, 97]
153 [27]
118 [29, 70]
76 [30]
65 [31]
93 [32, 52, 66]
46 [33, 72]
138 [34, 53]
100 [36]
20 [37]
133 [38, 87]
54 [39, 44, 45]
11 [40]
72 [41, 74]
62 [42]
10 [43]
84 [46]
103 [47]
114 [49]
120 [50]
32 [51]
191 [55]
109 [57, 99]
17 [58]
193 [59]
40 [60]
183 [61]
150 [63]
113 [64]
119 [65]
99 [67]
98 [68]
44 [69]
22 [71]
37 [73]
42 [75, 90]
158 [76]
105 [78]
115 [80]
60 [81]
48 [82]
101 [83, 95]
189 [85]
102 [86]
122 [88]
111 [89]
141 [91]
80 [92]
71 [93]
195 [94]
86 [96]
124 [98]
